processNum:4
processNum:4
processNum:4
processNum:4
rank:1  time:0.507149
rank:0  time:0.512248
rank:2  time:0.514685
rank:3  time:0.518840
