processNum:4
processNum:4
processNum:4
processNum:4
rank:1  time:16.707739
rank:0  time:16.748650
rank:2  time:16.764826
rank:3  time:16.782640
