processNum:4
processNum:4
processNum:4
processNum:4
rank:0  time:2.947188
rank:1  time:2.953246
rank:3  time:2.954560
rank:2  time:2.960719
