processNum:4
processNum:4
processNum:4
processNum:4
rank:1  time:22.724646
rank:2  time:22.735950
rank:0  time:22.746372
rank:3  time:22.810939
