processNum:4
processNum:4
processNum:4
processNum:4
rank:1  time:0.508212
rank:3  time:0.508220
rank:0  time:0.508224
rank:2  time:0.508224
