processNum:4
processNum:4
processNum:4
processNum:4
rank:0  time:0.850641
rank:1  time:0.850642
rank:2  time:0.850616
rank:3  time:0.850632
