processNum:4
processNum:4
processNum:4
processNum:4
rank:0  time:11.383584
rank:1  time:11.383583
rank:2  time:11.383582
rank:3  time:11.383570
