processNum:4
processNum:4
processNum:4
processNum:4
rank:2  time:0.084718
rank:3  time:0.084724
rank:0  time:0.084889
rank:1  time:0.084904
