processNum:4
processNum:4
processNum:4
processNum:4
rank:1  time:3.267962
rank:2  time:3.267931
rank:0  time:3.267970
rank:3  time:3.267952
