processNum:4
processNum:4
processNum:4
processNum:4
rank:1  time:4.143697
rank:3  time:4.143668
rank:0  time:4.143727
rank:2  time:4.143733
