processNum:4
processNum:4
processNum:4
processNum:4
rank:1  time:9.909089
rank:2  time:9.909072
rank:3  time:9.909147
rank:0  time:9.909158
