processNum:4
processNum:4
processNum:4
processNum:4
rank:1  time:7.931204
rank:2  time:7.938908
rank:0  time:7.939890
rank:3  time:7.939889
