processNum:4
processNum:4
processNum:4
processNum:4
rank:3  time:0.691700
rank:1  time:0.691775
rank:0  time:0.691852
rank:2  time:0.691850
