processNum:4
processNum:4
processNum:4
processNum:4
rank:3  time:3.294448
rank:1  time:3.297052
rank:0  time:3.299757
rank:2  time:3.299761
