processNum:4
processNum:4
processNum:4
processNum:4
rank:3  time:0.062463
rank:2  time:0.064438
rank:0  time:0.067715
rank:1  time:0.067707
