processNum:4
processNum:4
processNum:4
processNum:4
rank:3  time:1.052087
rank:2  time:1.053171
rank:0  time:1.053566
rank:1  time:1.053568
